Accuracy global: 92.61%

              precision    recall  f1-score   support

           A       1.00      0.90      0.95        10
           B       0.83      1.00      0.91        10
           C       0.82      0.90      0.86        10
           D       1.00      0.90      0.95        10
           E       1.00      0.90      0.95        10
           F       1.00      0.80      0.89        10
           G       0.83      1.00      0.91        10
           H       1.00      0.80      0.89        10
           I       1.00      1.00      1.00        10
           L       1.00      1.00      1.00        10
           M       0.89      0.80      0.84        10
           N       0.80      0.80      0.80        10
           O       0.90      0.90      0.90        10
           P       1.00      1.00      1.00        10
           Q       0.83      1.00      0.91        10
           R       1.00      0.90      0.95        10
           S       0.91      1.00      0.95        10
           T       0.90      0.90      0.90        10
           U       0.83      1.00      0.91        10
           V       1.00      0.80      0.89        10
           W       1.00      1.00      1.00        10
           X       0.91      1.00      0.95        10
           Y       1.00      1.00      1.00        10

    accuracy                           0.93       230
   macro avg       0.93      0.93      0.93       230
weighted avg       0.93      0.93      0.93       230
