Accuracy global: 99.68%

              precision    recall  f1-score   support

           A       1.00      1.00      1.00       331
           B       1.00      1.00      1.00       432
           C       1.00      1.00      1.00       310
           D       1.00      1.00      1.00       245
           E       1.00      1.00      1.00       498
           F       1.00      1.00      1.00       247
           G       1.00      1.00      1.00       348
           H       1.00      1.00      1.00       436
           I       1.00      1.00      1.00       288
           K       1.00      1.00      1.00       331
           L       1.00      1.00      1.00       209
           M       0.99      1.00      1.00       394
           N       1.00      1.00      1.00       291
           O       1.00      1.00      1.00       246
           P       1.00      1.00      1.00       347
           Q       1.00      1.00      1.00       164
           R       1.00      1.00      1.00       144
           S       1.00      0.99      1.00       246
           T       1.00      0.92      0.96       248
           U       1.00      1.00      1.00       266
           V       1.00      1.00      1.00       346
           W       1.00      1.00      1.00       206
           X       0.93      1.00      0.96       267
           Y       1.00      1.00      1.00       332

    accuracy                           1.00      7172
   macro avg       1.00      1.00      1.00      7172
weighted avg       1.00      1.00      1.00      7172
